FramewiseDisplacement
6.234208272472968604e-02
1.105890812330349721e-01
5.911287905152461108e-02
5.406450231515690097e-02
1.772714319120590742e-01
1.232184839491313882e-01
9.521135530933790003e-02
9.293343034274952064e-02
1.219227106186758225e-01
1.431802833369305583e-01
7.591813939211579376e-02
6.341391272257136669e-02
4.076602605734355733e-02
5.370879789610445709e-02
7.664375198104064757e-02
5.518401993533506023e-02
1.120931623884551115e-01
1.368768377667746172e-01
5.462748088812712649e-02
8.961627109291352145e-02
7.359454061651750367e-02
2.490838208924437691e-01
1.882885376331280836e-01
1.338944870877504800e-01
6.959980095710870118e-02
8.890506129769991384e-02
1.161259571459404560e-01
6.254768762233647861e-02
1.083933614313464244e-01
1.379622359301720669e-01
1.246352986419517750e-01
1.097349540849362481e-01
1.202153829359910719e-01
7.049606435870420240e-02
1.265041731407774428e-01
1.811829862642883315e-01
1.425552528045028744e-01
1.760491578357561704e-01
3.227253600172665937e-01
1.407994564000930315e-01
1.577744258676654354e-01
2.157851991205060882e-01
1.141221670187689552e-01
1.892214779047377560e-01
1.751283155162826344e-01
1.764344104850293082e-01
1.486734457253855723e-01
2.540600230739541998e-01
6.723578871309164595e-02
1.060115008234622097e-01
2.013294947014536707e-01
2.010483232076006321e-01
1.419408500107916526e-01
9.021302456564883610e-02
7.896872898470133628e-02
1.145882466048795262e-01
1.615345559991536173e-01
6.262339973270703020e-02
1.690547627333629510e-01
3.878551992757358624e-01
1.420534380340676139e-01
3.327878485190968738e-01
1.866858347057702705e-01
2.834189204915043558e-01
1.746771823237902588e-01
1.292126800086332572e-01
1.296245789178780972e-01
1.272792496658837758e-01
9.760014551412429795e-02
6.879267231731518717e-02
1.247902604182061226e-01
8.121523742186670392e-02
1.160257581030491036e-01
1.459921287174084648e-01
1.005838208924437760e-01
9.078928027592619854e-02
9.641641660703770267e-02
1.330838208924438326e-01
1.100167611640534004e-01
1.992050612976999646e-01
1.373571746324721565e-01
2.108248699461266751e-01
8.011184538047774750e-02
5.572831551628255192e-02
3.573481241647093465e-01
1.663081087820732218e-01
1.033627795300787883e-01
1.351405589825429576e-01
1.318581547747519067e-01
2.012535835481919777e-01
1.179705972839035916e-01
8.943662334124717617e-02
8.801966313430241440e-02
1.242310184436404008e-01
7.108859116189507332e-02
1.317617458590321644e-01
1.448272818452358002e-01
1.929708883121521446e-01
3.321124274369748886e-01
2.042370598836200646e-01
2.102479786505849491e-01
3.000535835481917268e-01
8.321558197888236086e-02
1.903052068118241680e-01
2.324080552533061839e-01
2.249904059323303285e-01
1.733000919853573407e-01
4.615329251994337856e-02
1.035999464712329676e-01
1.061391807544806859e-01
1.937520598060049892e-01
1.368968989868596386e-01
7.400589592585558874e-02
1.031793951800082237e-01
2.516131700797731297e-01
2.452620368872808765e-01
1.798065315111198048e-01
2.285160720500221676e-01
3.535005285277302844e-01
3.985142957361771932e-01
1.274041731407774825e-01
1.352043186549017340e-01
1.710775268808057414e-01
2.051248699461267755e-01
9.371351463678891103e-02
3.446701456693538890e-01
1.736198086484265768e-01
1.331620904160475960e-01
7.713136300065616402e-02
7.171115626644682106e-02
1.839946861306420711e-01
1.455313630006559167e-01
1.449887366760191920e-01
1.418588438887828929e-01
8.087246558310598465e-02
2.692735377107429717e-01
1.850754595387121282e-01
6.847246558310576825e-02
1.132403599396517579e-01
1.257345559991535633e-01
4.495769297521319263e-01
3.434599695451869827e-01
3.027258500884061898e-01
1.742881930761127074e-01
8.703032932960924617e-02
1.051038821125284684e-01
1.651630705583277403e-01
2.673553983186268690e-01
1.582641042293743416e-01
1.031148928648511903e-01
8.047143191205918811e-02
2.549403064108847206e-01
1.007625804871876557e-01
7.508637830567746474e-02
1.239663170855920538e-01
1.345744793964326058e-01
1.904379480405425096e-01
8.778401993533510583e-02
