FramewiseDisplacement
3.004616388014982528e-02
1.021373124552783507e-01
5.888928027592629788e-02
5.560491578357561887e-02
1.491775268808057942e-01
1.057588974175501101e-01
4.065294796292769769e-02
7.471017612416681886e-02
9.220761871093338669e-02
6.272339973270700531e-02
5.764159265358980572e-02
3.623156204354727183e-02
5.314242728174527197e-02
6.006823891356143780e-02
4.318962483294189192e-02
3.505073510670982800e-02
3.614768762233648569e-02
9.060471674068433512e-02
1.084968989868596717e-01
7.442035224833364049e-02
7.703357585687382880e-02
1.305261026600647578e-01
1.324077642250577058e-01
1.415890812330349302e-01
1.169586983746588177e-01
8.568977034706615203e-02
1.649899158611904393e-01
6.832595714594044689e-02
1.446798852511479438e-01
4.439267231731523766e-02
2.029965544298441976e-02
3.572477796076941464e-02
6.337841503772824459e-02
9.282526803190926934e-02
3.525702911834785458e-02
3.621322360854020705e-02
4.527571211037051402e-02
8.819011490408175391e-02
7.777094184091920548e-02
9.643662334124716851e-02
2.183411945678072341e-02
7.144955592153875990e-02
6.494055898254301462e-02
9.229827721492206427e-02
8.940914245312006625e-02
1.933596785169386101e-01
8.464395102393194870e-02
4.994277183876084936e-02
8.769793265790641612e-02
3.839301687433083199e-02
6.343529864195177059e-02
9.340914245312002817e-02
3.058775653373961220e-02
2.513190660056284151e-02
7.819488517353306856e-02
7.946381320112569369e-02
5.763495408493618521e-02
5.947536755335490477e-02
1.322067305540108872e-01
6.139031394697306437e-02
6.551627109291355278e-02
1.104889357189106497e-01
1.099833308213038902e-01
2.283795406941323547e-01
5.714958502436362497e-01
3.273725040396961994e-01
1.192950306876574829e-01
1.014476876223364965e-01
1.019792496658837450e-01
7.246111027376794800e-02
6.891730476396032423e-02
3.033682238413849125e-02
1.016361332701072873e-01
9.604852225049190229e-02
1.100298392584693613e-01
7.435737367536343623e-02
1.223432619099007052e-01
9.793239667170272611e-02
1.569670061996234489e-01
2.293795406941323556e-01
1.177590429316744125e-01
2.060512251778497395e-01
1.106548162621299181e-01
2.490164166070378549e-01
1.879877030049726394e-01
1.729369678982626835e-01
1.499418836818384171e-01
6.656686068549901025e-02
9.112541354603351240e-02
4.815516081914554547e-02
7.695107966372545516e-02
4.528657734856848804e-02
6.221813939211578992e-02
8.772492347489371789e-02
9.161779483510028299e-02
3.648775653373967365e-02
4.385668456133217513e-02
5.289744258676658956e-02
1.577332312998582509e-01
1.355362787842316064e-01
8.550761871093338906e-02
1.036020138133265794e-01
2.210173967493175573e-01
2.057415391248227088e-01
1.155998009571087282e-01
4.746484687217240872e-02
8.649336143134654653e-02
9.103495408493617047e-02
8.920983156715120432e-02
6.942423436086250788e-02
1.298624349730634897e-01
1.354238898038468419e-01
7.719896632895326127e-02
8.824547476611865893e-02
1.128279709592670543e-01
6.267163095495041636e-02
7.079011490408176899e-02
8.953274122871839047e-02
1.018038821125287902e-01
1.020320521146870912e-01
1.545990583143104780e-01
1.993688209700585912e-01
1.137108117094311616e-01
1.762233462039401455e-01
1.352038285837618981e-01
3.034491043069892369e-01
1.126511716490828374e-01
1.928031394697306555e-01
2.905815009786920089e-01
7.250014551412432839e-02
1.583598775598297759e-01
7.308249619314831358e-02
1.268444410950717582e-01
3.884090353955872016e-02
1.420726110972299339e-01
5.551696020694485423e-02
1.821391272257139732e-02
2.987645943005143301e-01
4.266816464928161468e-01
3.770518607631139774e-01
2.687355896702003921e-01
2.224914396033772224e-01
8.725343803406768184e-02
1.391028484414819355e-01
2.679915851175014296e-01
2.028469449795382018e-01
1.183232006898155830e-01
1.342276264022512766e-01
8.513509959906043201e-02
6.432000769131801521e-02
3.092408884673823050e-02
7.505142422074111141e-02
6.727398932529270181e-02
1.205804288510547301e-01
1.445378025264182631e-01
4.088928027592619863e-02
7.537703680966588438e-02
